ДЕТАЛЬНЫЕ МАТРИЦЫ ОШИБОК С 7 ЗНАКАМИ ПОСЛЕ ЗАПЯТОЙ
======================================================================

ШУМ: 0.0% | ТОЧНОСТЬ: 41.2698413%
----------------------------------------------------------------------
          береза       дуб       ель      клен      липа     осина     сосна
береза 0.0000000 1.0000000 0.0000000 0.0000000 0.0000000 0.0000000 0.0000000
дуб    0.0000000 1.0000000 0.0000000 0.0000000 0.0000000 0.0000000 0.0000000
ель    0.0000000 0.4444444 0.3333333 0.2222222 0.0000000 0.0000000 0.0000000
клен   0.0000000 0.0000000 0.0000000 1.0000000 0.0000000 0.0000000 0.0000000
липа   0.0000000 0.4444444 0.0000000 0.0000000 0.5555556 0.0000000 0.0000000
осина  0.0000000 0.7777778 0.0000000 0.2222222 0.0000000 0.0000000 0.0000000
сосна  0.0000000 1.0000000 0.0000000 0.0000000 0.0000000 0.0000000 0.0000000

ШУМ: 1.0% | ТОЧНОСТЬ: 39.6825397%
----------------------------------------------------------------------
          береза       дуб       ель      клен      липа     осина     сосна
береза 0.0000000 1.0000000 0.0000000 0.0000000 0.0000000 0.0000000 0.0000000
дуб    0.0000000 1.0000000 0.0000000 0.0000000 0.0000000 0.0000000 0.0000000
ель    0.0000000 0.4444444 0.3333333 0.2222222 0.0000000 0.0000000 0.0000000
клен   0.0000000 0.0000000 0.1111111 0.8888889 0.0000000 0.0000000 0.0000000
липа   0.0000000 0.4444444 0.0000000 0.0000000 0.5555556 0.0000000 0.0000000
осина  0.0000000 0.8888889 0.0000000 0.1111111 0.0000000 0.0000000 0.0000000
сосна  0.0000000 1.0000000 0.0000000 0.0000000 0.0000000 0.0000000 0.0000000

ШУМ: 5.0% | ТОЧНОСТЬ: 41.2698413%
----------------------------------------------------------------------
          береза       дуб       ель      клен      липа     осина     сосна
береза 0.0000000 1.0000000 0.0000000 0.0000000 0.0000000 0.0000000 0.0000000
дуб    0.0000000 1.0000000 0.0000000 0.0000000 0.0000000 0.0000000 0.0000000
ель    0.0000000 0.4444444 0.3333333 0.2222222 0.0000000 0.0000000 0.0000000
клен   0.0000000 0.0000000 0.0000000 1.0000000 0.0000000 0.0000000 0.0000000
липа   0.0000000 0.4444444 0.0000000 0.0000000 0.5555556 0.0000000 0.0000000
осина  0.0000000 0.8888889 0.0000000 0.1111111 0.0000000 0.0000000 0.0000000
сосна  0.0000000 1.0000000 0.0000000 0.0000000 0.0000000 0.0000000 0.0000000

ШУМ: 10.0% | ТОЧНОСТЬ: 41.2698413%
----------------------------------------------------------------------
          береза       дуб       ель      клен      липа     осина     сосна
береза 0.0000000 1.0000000 0.0000000 0.0000000 0.0000000 0.0000000 0.0000000
дуб    0.0000000 1.0000000 0.0000000 0.0000000 0.0000000 0.0000000 0.0000000
ель    0.0000000 0.4444444 0.2222222 0.3333333 0.0000000 0.0000000 0.0000000
клен   0.0000000 0.1111111 0.0000000 0.8888889 0.0000000 0.0000000 0.0000000
липа   0.0000000 0.2222222 0.0000000 0.0000000 0.7777778 0.0000000 0.0000000
осина  0.0000000 0.7777778 0.0000000 0.2222222 0.0000000 0.0000000 0.0000000
сосна  0.0000000 1.0000000 0.0000000 0.0000000 0.0000000 0.0000000 0.0000000

