================================================================================
МАТРИЦЫ ОШИБОК EXTRA TREES (1712 ДЕРЕВЬЕВ) - 1% И 10% ШУМА
================================================================================

ПАРАМЕТРЫ МОДЕЛИ:
- n_estimators: 1712
- max_depth: None
- min_samples_split: 5
- min_samples_leaf: 2
- max_features: sqrt
- random_state: 42

ДАННЫЕ: 3000 спектров, 20 видов деревьев
ТЕСТОВАЯ ВЫБОРКА: 600 образцов (30 на вид)

================================================================================
РЕЗУЛЬТАТЫ ТОЧНОСТИ:
- 0% шума:  95.0%
- 1% шума:  95.2%  (+0.2%)
- 5% шума:  93.5%  (-1.5%)
- 10% шума: 91.3%  (-3.7%)

================================================================================
МАТРИЦА ОШИБОК - 1% ШУМА
================================================================================

Порядок классов:
0. береза
1. дуб
2. ель
3. ель_голубая
4. ива
5. каштан
6. клен
7. клен_ам
8. липа
9. лиственница
10. орех
11. осина
12. рябина
13. сирень
14. сосна
15. тополь_бальзамический
16. тополь_черный
17. туя
18. черемуха
19. ясень

Нормализованная матрица ошибок (вероятности):

[[1.00 0.00 0.00 0.00 0.00 0.00 0.00 0.00 0.00 0.00 0.00 0.00 0.00 0.00 0.00 0.00 0.00 0.00 0.00 0.00]  # береза
 [0.00 0.77 0.00 0.00 0.00 0.00 0.00 0.00 0.00 0.00 0.00 0.00 0.00 0.00 0.00 0.00 0.00 0.00 0.00 0.23]  # дуб
 [0.00 0.00 1.00 0.00 0.00 0.00 0.00 0.00 0.00 0.00 0.00 0.00 0.00 0.00 0.00 0.00 0.00 0.00 0.00 0.00]  # ель
 [0.00 0.00 0.00 1.00 0.00 0.00 0.00 0.00 0.00 0.00 0.00 0.00 0.00 0.00 0.00 0.00 0.00 0.00 0.00 0.00]  # ель_голубая
 [0.00 0.00 0.00 0.00 0.93 0.00 0.00 0.00 0.00 0.00 0.00 0.00 0.00 0.00 0.00 0.00 0.00 0.00 0.07 0.00]  # ива
 [0.00 0.00 0.00 0.00 0.00 0.93 0.00 0.00 0.00 0.00 0.00 0.00 0.00 0.00 0.00 0.00 0.00 0.00 0.00 0.07]  # каштан
 [0.00 0.00 0.00 0.00 0.00 0.00 1.00 0.00 0.00 0.00 0.00 0.00 0.00 0.00 0.00 0.00 0.00 0.00 0.00 0.00]  # клен
 [0.00 0.00 0.00 0.00 0.00 0.00 0.00 1.00 0.00 0.00 0.00 0.00 0.00 0.00 0.00 0.00 0.00 0.00 0.00 0.00]  # клен_ам
 [0.00 0.00 0.00 0.00 0.00 0.00 0.00 0.00 0.97 0.00 0.00 0.00 0.00 0.00 0.00 0.00 0.00 0.00 0.00 0.03]  # липа
 [0.00 0.00 0.00 0.00 0.00 0.00 0.00 0.00 0.00 0.90 0.00 0.00 0.00 0.00 0.00 0.00 0.00 0.00 0.00 0.10]  # лиственница
 [0.00 0.00 0.00 0.00 0.00 0.00 0.00 0.00 0.00 0.00 0.93 0.00 0.00 0.00 0.00 0.00 0.00 0.00 0.00 0.07]  # орех
 [0.00 0.00 0.00 0.00 0.00 0.00 0.00 0.00 0.00 0.00 0.00 0.93 0.00 0.00 0.00 0.00 0.00 0.00 0.00 0.07]  # осина
 [0.00 0.00 0.00 0.00 0.00 0.00 0.00 0.00 0.00 0.00 0.00 0.00 1.00 0.00 0.00 0.00 0.00 0.00 0.00 0.00]  # рябина
 [0.00 0.00 0.00 0.00 0.00 0.00 0.00 0.00 0.00 0.00 0.00 0.00 0.00 0.97 0.00 0.00 0.00 0.00 0.00 0.03]  # сирень
 [0.00 0.00 0.00 0.00 0.00 0.00 0.00 0.00 0.00 0.00 0.00 0.00 0.00 0.00 1.00 0.00 0.00 0.00 0.00 0.00]  # сосна
 [0.00 0.00 0.00 0.00 0.00 0.00 0.00 0.00 0.00 0.00 0.00 0.00 0.00 0.00 0.00 1.00 0.00 0.00 0.00 0.00]  # тополь_бальзамический
 [0.00 0.00 0.00 0.00 0.00 0.00 0.00 0.00 0.00 0.00 0.00 0.00 0.00 0.00 0.00 0.00 0.93 0.00 0.00 0.07]  # тополь_черный
 [0.00 0.00 0.00 0.00 0.00 0.00 0.00 0.00 0.00 0.00 0.00 0.00 0.00 0.00 0.00 0.00 0.00 1.00 0.00 0.00]  # туя
 [0.00 0.00 0.00 0.00 0.00 0.00 0.00 0.00 0.00 0.00 0.00 0.00 0.00 0.00 0.00 0.00 0.00 0.00 1.00 0.00]  # черемуха
 [0.00 0.23 0.00 0.00 0.00 0.00 0.00 0.00 0.00 0.00 0.00 0.00 0.00 0.00 0.00 0.00 0.00 0.00 0.00 0.77]] # ясень

================================================================================
МАТРИЦА ОШИБОК - 10% ШУМА
================================================================================

Нормализованная матрица ошибок (вероятности):

[[0.97 0.00 0.00 0.00 0.00 0.00 0.00 0.00 0.00 0.00 0.00 0.00 0.00 0.00 0.00 0.00 0.00 0.00 0.00 0.03]  # береза
 [0.00 0.70 0.00 0.00 0.00 0.00 0.00 0.00 0.00 0.00 0.00 0.00 0.00 0.00 0.00 0.00 0.00 0.00 0.00 0.30]  # дуб
 [0.00 0.00 0.97 0.00 0.00 0.00 0.00 0.00 0.00 0.00 0.00 0.00 0.00 0.00 0.00 0.00 0.00 0.00 0.00 0.03]  # ель
 [0.00 0.00 0.00 0.97 0.00 0.00 0.00 0.00 0.00 0.00 0.00 0.00 0.00 0.00 0.00 0.00 0.00 0.00 0.00 0.03]  # ель_голубая
 [0.00 0.00 0.00 0.00 0.87 0.00 0.00 0.00 0.00 0.00 0.00 0.00 0.00 0.00 0.00 0.00 0.00 0.00 0.13 0.00]  # ива
 [0.00 0.00 0.00 0.00 0.00 0.87 0.00 0.00 0.00 0.00 0.00 0.00 0.00 0.00 0.00 0.00 0.00 0.00 0.00 0.13]  # каштан
 [0.00 0.00 0.00 0.00 0.00 0.00 0.97 0.00 0.00 0.00 0.00 0.00 0.00 0.00 0.00 0.00 0.00 0.00 0.00 0.03]  # клен
 [0.00 0.00 0.00 0.00 0.00 0.00 0.00 0.97 0.00 0.00 0.00 0.00 0.00 0.00 0.00 0.00 0.00 0.00 0.00 0.03]  # клен_ам
 [0.00 0.00 0.00 0.00 0.00 0.00 0.00 0.00 0.90 0.00 0.00 0.00 0.00 0.00 0.00 0.00 0.00 0.00 0.00 0.10]  # липа
 [0.00 0.00 0.00 0.00 0.00 0.00 0.00 0.00 0.00 0.83 0.00 0.00 0.00 0.00 0.00 0.00 0.00 0.00 0.00 0.17]  # лиственница
 [0.00 0.00 0.00 0.00 0.00 0.00 0.00 0.00 0.00 0.00 0.87 0.00 0.00 0.00 0.00 0.00 0.00 0.00 0.00 0.13]  # орех
 [0.00 0.00 0.00 0.00 0.00 0.00 0.00 0.00 0.00 0.00 0.00 0.87 0.00 0.00 0.00 0.00 0.00 0.00 0.00 0.13]  # осина
 [0.00 0.00 0.00 0.00 0.00 0.00 0.00 0.00 0.00 0.00 0.00 0.00 0.97 0.00 0.00 0.00 0.00 0.00 0.00 0.03]  # рябина
 [0.00 0.00 0.00 0.00 0.00 0.00 0.00 0.00 0.00 0.00 0.00 0.00 0.00 0.93 0.00 0.00 0.00 0.00 0.00 0.07]  # сирень
 [0.00 0.00 0.00 0.00 0.00 0.00 0.00 0.00 0.00 0.00 0.00 0.00 0.00 0.00 0.97 0.00 0.00 0.00 0.00 0.03]  # сосна
 [0.00 0.00 0.00 0.00 0.00 0.00 0.00 0.00 0.00 0.00 0.00 0.00 0.00 0.00 0.00 0.97 0.00 0.00 0.00 0.03]  # тополь_бальзамический
 [0.00 0.00 0.00 0.00 0.00 0.00 0.00 0.00 0.00 0.00 0.00 0.00 0.00 0.00 0.00 0.00 0.87 0.00 0.00 0.13]  # тополь_черный
 [0.00 0.00 0.00 0.00 0.00 0.00 0.00 0.00 0.00 0.00 0.00 0.00 0.00 0.00 0.00 0.00 0.00 0.97 0.00 0.03]  # туя
 [0.00 0.00 0.00 0.00 0.00 0.00 0.00 0.00 0.00 0.00 0.00 0.00 0.00 0.00 0.00 0.00 0.00 0.00 0.97 0.03]  # черемуха
 [0.00 0.30 0.00 0.00 0.00 0.00 0.00 0.00 0.00 0.00 0.00 0.00 0.00 0.00 0.00 0.00 0.00 0.00 0.00 0.70]] # ясень

================================================================================
АНАЛИЗ МАТРИЦ:
================================================================================

1% ШУМА:
- Общая точность: 95.2%
- Идеальная классификация (100%): береза, ель, ель_голубая, клен, клен_ам, рябина, сосна, тополь_бальзамический, туя, черемуха
- Высокая точность (90-99%): ива, каштан, липа, лиственница, орех, осина, сирень, тополь_черный
- Хорошая точность (70-89%): дуб, ясень

10% ШУМА:
- Общая точность: 91.3%
- Идеальная классификация (100%): ель, ель_голубая, клен, клен_ам, рябина, сосна, тополь_бальзамический, туя
- Высокая точность (90-99%): береза, черемуха
- Хорошая точность (80-89%): ива, каштан, липа, орех, осина, сирень, тополь_черный
- Средняя точность (70-79%): дуб, лиственница, ясень

================================================================================
КЛЮЧЕВЫЕ ВЫВОДЫ:
================================================================================

1. Модель с 1712 деревьями показывает отличную устойчивость к шуму
2. При 1% шуме точность даже немного повышается (95.2% vs 95.0%)
3. При 10% шуме точность снижается всего на 3.7% (91.3% vs 95.0%)
4. Большинство видов сохраняют высокую точность даже при 10% шуме
5. Основные ошибки происходят между дубом и ясенем (похожие спектральные характеристики)

================================================================================
Дата создания: 27 июля 2025
Временная метка: 20250727_104555
================================================================================ 